rd,Dev,Wrong,Adv,pure_adv,Train
50,0.1,11.098,7.89,5.54068060114,1
50,0.2,11.312,8.264,5.82138538608,1
50,0.3,11.502,8.624,6.09993090344,1
50,0.4,11.782,9.06,6.45621005355,1
50,0.5,12.092,9.478,6.82112627397,1
50,0.6,12.36,9.858,7.14069787528,1
50,0.7,12.604,10.252,7.45595094144,1
50,0.8,12.846,10.636,7.76904474002,1
50,0.9,13.12,11.066,8.12100535498,1
50,1.0,13.392,11.47,8.45785109691,1
50,0.1,10.13,7.38,4.24997268655,0
50,0.2,10.28,7.69,4.490331039,0
50,0.3,10.49,8.19,4.80716704905,0
50,0.4,10.6,8.5,5.03660002185,0
50,0.5,10.75,8.9,5.28788375396,0
50,0.6,10.9,9.26,5.53916748607,0
50,0.7,11.26,9.78,5.987108052,0
50,0.8,11.42,10.11,6.23839178411,0
50,0.9,11.58,10.57,6.5224516552,0
50,1.0,11.86,11.03,6.89391456353,0
rd,Dev,Wrong,Adv,pure_adv,Train
50,0.1,11.098,0.366,0.272,0.020,1
50,0.2,11.312,0.758,0.570,0.039,1
50,0.3,11.502,1.13,0.862,0.059,1
50,0.4,11.782,1.584,1.235,0.078,1
50,0.5,12.092,2.02,1.619,0.098,1
50,0.6,12.36,2.418,1.953,0.117,1
50,0.7,12.604,2.834,2.283,0.137,1
50,0.8,12.846,3.24,2.611,0.156,1
50,0.9,13.12,3.682,2.977,0.176,1
50,1.0,13.392,4.116,3.329,0.195,1
50,0.1,10.13,0.31,0.233,0.019,0
50,0.2,10.28,0.63,0.478,0.039,0
50,0.3,10.49,1.17,0.811,0.058,0
50,0.4,10.6,1.49,1.044,0.078,0
50,0.5,10.75,1.9,1.299,0.097,0
50,0.6,10.9,2.28,1.566,0.117,0
50,0.7,11.26,2.83,2.021,0.136,0
50,0.8,11.42,3.19,2.277,0.156,0
50,0.9,11.58,3.66,2.576,0.175,0
50,1.0,11.86,4.12,2.954,0.195,0
