rd,Dev,Wrong,Adv,pure_adv,Train
331,0.1,8.464,2.178,1.21079060061,1
331,0.2,9.34,4.992,2.94980762124,1
331,0.3,11.012,8.186,5.35834619481,1
331,0.4,13.64,11.938,8.6276981936,1
331,0.5,17.816,16.97,13.4795556812,1
331,0.6,23.754,23.576,20.1334695563,1
331,0.7,30.466,30.828,27.6025476599,1
331,0.8,35.99,36.674,33.6847596896,1
331,0.9,40.538,41.476,38.6800860813,1
331,1.0,45.07,46.29,43.6623698454,1
331,0.1,8.49,2.08,1.01428727233,0
331,0.2,9.3,4.78,2.70476605955,0
331,0.3,10.67,7.91,4.89693532555,0
331,0.4,12.99,11.62,8.00523503108,0
331,0.5,16.94,16.55,12.6949503763,0
331,0.6,22.48,22.78,18.9442687316,0
331,0.7,29.11,29.92,26.2842185625,0
331,0.8,34.95,36.1,32.7734758425,0
331,0.9,39.44,40.96,37.7685680009,0
331,1.0,43.95,45.63,42.6764096412,0
rd,Dev,Wrong,Adv,pure_adv,Train
331,0.1,8.464,2.178,1.211,0.053,1
331,0.2,9.34,4.992,2.950,0.106,1
331,0.3,11.012,8.186,5.358,0.158,1
331,0.4,13.64,11.938,8.628,0.211,1
331,0.5,17.816,16.97,13.480,0.264,1
331,0.6,23.754,23.576,20.133,0.317,1
331,0.7,30.466,30.828,27.603,0.370,1
331,0.8,35.99,36.674,33.685,0.423,1
331,0.9,40.538,41.476,38.680,0.475,1
331,1.0,45.07,46.29,43.662,0.528,1
331,0.1,8.49,2.08,1.014,0.053,0
331,0.2,9.3,4.78,2.705,0.106,0
331,0.3,10.67,7.91,4.897,0.159,0
331,0.4,12.99,11.62,8.005,0.211,0
331,0.5,16.94,16.55,12.695,0.264,0
331,0.6,22.48,22.78,18.944,0.317,0
331,0.7,29.11,29.92,26.284,0.370,0
331,0.8,34.95,36.1,32.773,0.423,0
331,0.9,39.44,40.96,37.769,0.476,0
331,1.0,43.95,45.63,42.676,0.528,0
