rd,Dev,Wrong,Adv,pure_adv,Train
100,0.1,9.384,0.412,0.246897251064,1
100,0.2,9.498,0.826,0.493794502127,1
100,0.3,9.704,1.332,0.84650486079,1
100,0.4,9.94,1.862,1.21685073739,1
100,0.5,10.194,2.412,1.60703657166,1
100,0.6,10.524,3.05,2.08760443533,1
100,0.7,10.838,3.682,2.54833234134,1
100,0.8,11.2,4.37,3.0707845601,1
100,0.9,11.608,5.076,3.62189449551,1
100,1.0,11.934,5.718,4.10687123867,1
100,0.1,8.82,0.34,0.197281893906,0
100,0.2,8.94,0.75,0.460324419114,0
100,0.3,9.1,1.26,0.789127575625,0
100,0.4,9.14,1.71,0.997369574748,0
100,0.5,9.31,2.3,1.37001315213,0
100,0.6,9.43,2.91,1.72073651907,0
100,0.7,9.68,3.37,2.07145988601,0
100,0.8,10.0,4.0,2.54274441035,0
100,0.9,10.3,4.7,3.01402893468,0
100,1.0,10.56,5.32,3.41955282771,0
rd,Dev,Wrong,Adv,pure_adv,Train
100,0.1,9.384,0.412,0.247,0.027,1
100,0.2,9.498,0.826,0.494,0.053,1
100,0.3,9.704,1.332,0.847,0.080,1
100,0.4,9.94,1.862,1.217,0.107,1
100,0.5,10.194,2.412,1.607,0.134,1
100,0.6,10.524,3.05,2.088,0.160,1
100,0.7,10.838,3.682,2.548,0.187,1
100,0.8,11.2,4.37,3.071,0.214,1
100,0.9,11.608,5.076,3.622,0.240,1
100,1.0,11.934,5.718,4.107,0.267,1
100,0.1,8.82,0.34,0.197,0.027,0
100,0.2,8.94,0.75,0.460,0.053,0
100,0.3,9.1,1.26,0.789,0.080,0
100,0.4,9.14,1.71,0.997,0.107,0
100,0.5,9.31,2.3,1.370,0.133,0
100,0.6,9.43,2.91,1.721,0.160,0
100,0.7,9.68,3.37,2.071,0.187,0
100,0.8,10.0,4.0,2.543,0.213,0
100,0.9,10.3,4.7,3.014,0.240,0
100,1.0,10.56,5.32,3.420,0.267,0
