rd,Dev,Wrong,Adv,pure_adv,Train
40,0.1,11.596,0.222,0.185218648356,1
40,0.2,11.73,0.504,0.402059992772,1
40,0.3,11.858,0.77,0.596313697145,1
40,0.4,12.024,1.08,0.838001445609,1
40,0.5,12.186,1.354,1.06613661005,1
40,0.6,12.374,1.696,1.33492952656,1
40,0.7,12.568,2.002,1.59920491507,1
40,0.8,12.734,2.334,1.84766895555,1
40,0.9,12.906,2.648,2.08709794001,1
40,1.0,13.124,2.988,2.37170220455,1
40,0.1,10.41,0.26,0.145024542615,0
40,0.2,10.47,0.56,0.312360553324,0
40,0.3,10.62,0.84,0.524319500223,0
40,0.4,10.84,1.11,0.780901383311,0
40,0.5,10.98,1.38,0.981704596162,0
40,0.6,11.14,1.65,1.19366354306,0
40,0.7,11.22,1.96,1.38331102187,0
40,0.8,11.31,2.18,1.52833556448,0
40,0.9,11.49,2.53,1.80722891566,0
40,1.0,11.73,2.88,2.10843373494,0
rd,Dev,Wrong,Adv,pure_adv,Train
40,0.1,11.596,0.222,0.185,0.018,1
40,0.2,11.73,0.504,0.402,0.036,1
40,0.3,11.858,0.77,0.596,0.054,1
40,0.4,12.024,1.08,0.838,0.073,1
40,0.5,12.186,1.354,1.066,0.091,1
40,0.6,12.374,1.696,1.335,0.109,1
40,0.7,12.568,2.002,1.599,0.127,1
40,0.8,12.734,2.334,1.848,0.145,1
40,0.9,12.906,2.648,2.087,0.163,1
40,1.0,13.124,2.988,2.372,0.181,1
40,0.1,10.41,0.26,0.145,0.018,0
40,0.2,10.47,0.56,0.312,0.036,0
40,0.3,10.62,0.84,0.524,0.054,0
40,0.4,10.84,1.11,0.781,0.072,0
40,0.5,10.98,1.38,0.982,0.091,0
40,0.6,11.14,1.65,1.194,0.109,0
40,0.7,11.22,1.96,1.383,0.127,0
40,0.8,11.31,2.18,1.528,0.145,0
40,0.9,11.49,2.53,1.807,0.163,0
40,1.0,11.73,2.88,2.108,0.181,0
