rd,Dev,Wrong,Adv,pure_adv,Train
20,0.1,16.552,14.034,11.5240110554,1
20,0.2,16.74,14.272,11.7377785455,1
20,0.3,16.95,14.546,11.990412852,1
20,0.4,17.116,14.762,12.1825876663,1
20,0.5,17.33,15.066,12.4395405079,1
20,0.6,17.534,15.328,12.6792192088,1
20,0.7,17.748,15.586,12.9210571774,1
20,0.8,17.982,15.904,13.2017619623,1
20,0.9,18.162,16.17,13.4284850579,1
20,1.0,18.348,16.43,13.657367421,1
20,0.1,15.5,13.05,9.90931934885,0
20,0.2,15.64,13.28,10.095050803,0
20,0.3,15.81,13.5,10.2917076368,0
20,0.4,15.99,13.76,10.5211406096,0
20,0.5,16.18,14.01,10.7396482028,0
20,0.6,16.37,14.32,10.9800065552,0
20,0.7,16.56,14.6,11.209439528,0
20,0.8,16.76,14.84,11.4279471212,0
20,0.9,16.99,15.15,11.7120069922,0
20,1.0,17.16,15.53,11.9632907244,0
rd,Dev,Wrong,Adv,pure_adv,Train
20,0.1,16.552,0.354,0.332,0.015,1
20,0.2,16.74,0.618,0.571,0.030,1
20,0.3,16.95,0.924,0.851,0.045,1
20,0.4,17.116,1.162,1.070,0.060,1
20,0.5,17.33,1.488,1.359,0.075,1
20,0.6,17.534,1.766,1.627,0.089,1
20,0.7,17.748,2.046,1.899,0.104,1
20,0.8,17.982,2.382,2.210,0.119,1
20,0.9,18.162,2.668,2.461,0.134,1
20,1.0,18.348,2.958,2.717,0.149,1
20,0.1,15.5,0.24,0.224,0.015,0
20,0.2,15.64,0.47,0.425,0.030,0
20,0.3,15.81,0.7,0.638,0.045,0
20,0.4,15.99,0.97,0.886,0.060,0
20,0.5,16.18,1.23,1.122,0.074,0
20,0.6,16.37,1.59,1.417,0.089,0
20,0.7,16.56,1.88,1.665,0.104,0
20,0.8,16.76,2.12,1.901,0.119,0
20,0.9,16.99,2.43,2.209,0.134,0
20,1.0,17.16,2.83,2.480,0.149,0
