rd,Dev,Wrong,Adv,pure_adv,Train
10,0.1,23.552,0.198,0.198464511412,1
10,0.2,23.674,0.398,0.376038021622,1
10,0.3,23.826,0.61,0.592782159085,1
10,0.4,23.95,0.784,0.765132918995,1
10,0.5,24.132,1.024,1.01060218311,1
10,0.6,24.23,1.172,1.14900506607,1
10,0.7,24.356,1.394,1.33702407688,1
10,0.8,24.502,1.598,1.53809996344,1
10,0.9,24.656,1.8,1.7443986003,1
10,1.0,24.794,1.996,1.93241761111,1
10,0.1,22.11,0.17,0.166645301884,0
10,0.2,22.25,0.36,0.346109473144,0
10,0.3,22.37,0.54,0.525573644405,0
10,0.4,22.51,0.76,0.730675554416,0
10,0.5,22.58,0.91,0.858864248173,0
10,0.6,22.68,1.08,1.01269068068,0
10,0.7,22.83,1.31,1.24343032944,0
10,0.8,22.94,1.44,1.38443789258,0
10,0.9,23.06,1.59,1.55108319446,0
10,1.0,23.22,1.81,1.76900397385,0
rd,Dev,Wrong,Adv,pure_adv,Train
10,0.1,23.552,0.198,0.198,0.012,1
10,0.2,23.674,0.398,0.376,0.024,1
10,0.3,23.826,0.61,0.593,0.036,1
10,0.4,23.95,0.784,0.765,0.048,1
10,0.5,24.132,1.024,1.011,0.060,1
10,0.6,24.23,1.172,1.149,0.072,1
10,0.7,24.356,1.394,1.337,0.084,1
10,0.8,24.502,1.598,1.538,0.096,1
10,0.9,24.656,1.8,1.744,0.108,1
10,1.0,24.794,1.996,1.932,0.120,1
10,0.1,22.11,0.17,0.167,0.012,0
10,0.2,22.25,0.36,0.346,0.024,0
10,0.3,22.37,0.54,0.526,0.036,0
10,0.4,22.51,0.76,0.731,0.048,0
10,0.5,22.58,0.91,0.859,0.060,0
10,0.6,22.68,1.08,1.013,0.072,0
10,0.7,22.83,1.31,1.243,0.084,0
10,0.8,22.94,1.44,1.384,0.096,0
10,0.9,23.06,1.59,1.551,0.108,0
10,1.0,23.22,1.81,1.769,0.120,0
