rd,Dev,Wrong,Adv,pure_adv,Train
784,0.1,15.21,17.186,12.3728703764,1
784,0.2,38.86,42.804,38.6322903846,1
784,0.3,65.36,69.676,67.3641251539,1
784,0.4,80.61,85.0,83.8375331995,1
784,0.5,88.962,93.324,92.809483708,1
784,0.6,92.79,97.102,96.886268921,1
784,0.7,94.662,98.882,98.8058992464,1
784,0.8,95.428,99.564,99.5422253892,1
784,0.9,95.798,99.862,99.8639632053,1
784,1.0,95.96,99.958,99.967610287,1
784,0.1,15.71,17.16,12.026215183,0
784,0.2,38.29,42.28,37.596941562,0
784,0.3,64.35,69.18,66.4227198252,0
784,0.4,80.23,85.09,83.7356635718,0
784,0.5,88.55,93.44,92.8345166576,0
784,0.6,92.28,97.13,96.8651010377,0
784,0.7,94.01,98.83,98.7220098307,0
784,0.8,94.81,99.54,99.4975423266,0
784,0.9,95.22,99.86,99.8470780994,0
784,1.0,95.39,99.96,99.9563080284,0
rd,Dev,Wrong,Adv,pure_adv,Train
784,0.1,15.21,17.186,12.373,0.100,1
784,0.2,38.86,42.804,38.632,0.200,1
784,0.3,65.36,69.676,67.364,0.300,1
784,0.4,80.61,85.0,83.838,0.400,1
784,0.5,88.962,93.324,92.809,0.500,1
784,0.6,92.79,97.102,96.886,0.600,1
784,0.7,94.662,98.882,98.806,0.700,1
784,0.8,95.428,99.564,99.542,0.800,1
784,0.9,95.798,99.862,99.864,0.900,1
784,1.0,95.96,99.958,99.968,1.000,1
784,0.1,15.71,17.16,12.026,0.100,0
784,0.2,38.29,42.28,37.597,0.200,0
784,0.3,64.35,69.18,66.423,0.300,0
784,0.4,80.23,85.09,83.736,0.400,0
784,0.5,88.55,93.44,92.835,0.500,0
784,0.6,92.28,97.13,96.865,0.600,0
784,0.7,94.01,98.83,98.722,0.700,0
784,0.8,94.81,99.54,99.498,0.800,0
784,0.9,95.22,99.86,99.847,0.900,0
784,1.0,95.39,99.96,99.956,1.000,0
