rd,Dev,Wrong,Adv,pure_adv,Train
20,0.1,14.64,0.214,0.191794919774,1
20,0.2,14.82,0.458,0.423352200964,1
20,0.3,14.994,0.706,0.643214669972,1
20,0.4,15.184,0.978,0.893483650653,1
20,0.5,15.378,1.28,1.15544744351,1
20,0.6,15.552,1.536,1.38466576227,1
20,0.7,15.73,1.79,1.61388408102,1
20,0.8,15.912,2.07,1.86181409927,1
20,0.9,16.114,2.352,2.12611685456,1
20,1.0,16.312,2.644,2.38340272255,1
20,0.1,13.45,0.25,0.196078431373,0
20,0.2,13.59,0.45,0.38062283737,0
20,0.3,13.7,0.66,0.542099192618,0
20,0.4,13.88,0.96,0.78431372549,0
20,0.5,14.08,1.23,1.03806228374,0
20,0.6,14.2,1.51,1.23414071511,0
20,0.7,14.42,1.83,1.52249134948,0
20,0.8,14.61,2.09,1.76470588235,0
20,0.9,14.81,2.35,2.0184544406,0
20,1.0,14.98,2.6,2.2491349481,0
rd,Dev,Wrong,Adv,pure_adv,Train
20,0.1,14.64,0.214,0.192,0.015,1
20,0.2,14.82,0.458,0.423,0.030,1
20,0.3,14.994,0.706,0.643,0.045,1
20,0.4,15.184,0.978,0.893,0.060,1
20,0.5,15.378,1.28,1.155,0.075,1
20,0.6,15.552,1.536,1.385,0.089,1
20,0.7,15.73,1.79,1.614,0.104,1
20,0.8,15.912,2.07,1.862,0.119,1
20,0.9,16.114,2.352,2.126,0.134,1
20,1.0,16.312,2.644,2.383,0.149,1
20,0.1,13.45,0.25,0.196,0.015,0
20,0.2,13.59,0.45,0.381,0.030,0
20,0.3,13.7,0.66,0.542,0.045,0
20,0.4,13.88,0.96,0.784,0.060,0
20,0.5,14.08,1.23,1.038,0.074,0
20,0.6,14.2,1.51,1.234,0.089,0
20,0.7,14.42,1.83,1.522,0.104,0
20,0.8,14.61,2.09,1.765,0.119,0
20,0.9,14.81,2.35,2.018,0.134,0
20,1.0,14.98,2.6,2.249,0.149,0
