rd,Dev,Wrong,Adv,pure_adv,Train
50,0.1,10.828,0.29,0.226112653354,1
50,0.2,10.982,0.588,0.452225306707,1
50,0.3,11.16,0.912,0.69848661234,1
50,0.4,11.35,1.236,0.96265783111,1
50,0.5,11.466,1.528,1.15966687562,1
50,0.6,11.692,1.902,1.46861287723,1
50,0.7,11.916,2.224,1.74845526999,1
50,0.8,12.112,2.59,2.0305364019,1
50,0.9,12.346,2.976,2.33276618608,1
50,1.0,12.54,3.36,2.61484731799,1
50,0.1,9.83,0.23,0.0887213042032,0
50,0.2,9.92,0.56,0.299434401686,0
50,0.3,10.04,0.77,0.454696684041,0
50,0.4,10.16,1.07,0.665409781524,0
50,0.5,10.33,1.36,0.909393368083,0
50,0.6,10.42,1.67,1.10901630254,0
50,0.7,10.52,1.98,1.308639237,0
50,0.8,10.56,2.27,1.45281135633,0
50,0.9,10.62,2.53,1.60807363868,0
50,1.0,10.79,2.89,1.85205722524,0
rd,Dev,Wrong,Adv,pure_adv,Train
50,0.1,10.828,0.29,0.226,0.020,1
50,0.2,10.982,0.588,0.452,0.039,1
50,0.3,11.16,0.912,0.698,0.059,1
50,0.4,11.35,1.236,0.963,0.078,1
50,0.5,11.466,1.528,1.160,0.098,1
50,0.6,11.692,1.902,1.469,0.117,1
50,0.7,11.916,2.224,1.748,0.137,1
50,0.8,12.112,2.59,2.031,0.156,1
50,0.9,12.346,2.976,2.333,0.176,1
50,1.0,12.54,3.36,2.615,0.195,1
50,0.1,9.83,0.23,0.089,0.019,0
50,0.2,9.92,0.56,0.299,0.039,0
50,0.3,10.04,0.77,0.455,0.058,0
50,0.4,10.16,1.07,0.665,0.078,0
50,0.5,10.33,1.36,0.909,0.097,0
50,0.6,10.42,1.67,1.109,0.117,0
50,0.7,10.52,1.98,1.309,0.136,0
50,0.8,10.56,2.27,1.453,0.156,0
50,0.9,10.62,2.53,1.608,0.175,0
50,1.0,10.79,2.89,1.852,0.195,0
