rd,Dev,Wrong,Adv,pure_adv,Train
30,0.1,12.738,0.282,0.233324183365,1
30,0.2,12.902,0.542,0.459785890749,1
30,0.3,13.074,0.804,0.688535090127,1
30,0.4,13.262,1.096,0.933296733461,1
30,0.5,13.514,1.424,1.24210815262,1
30,0.6,13.712,1.696,1.48458230396,1
30,0.7,13.884,1.976,1.7293439473,1
30,0.8,14.058,2.234,1.9489431787,1
30,0.9,14.206,2.504,2.15252996615,1
30,1.0,14.41,2.806,2.42016652942,1
30,0.1,11.74,0.23,0.169779286927,0
30,0.2,11.76,0.38,0.249009620826,0
30,0.3,11.94,0.6,0.464063384267,0
30,0.4,12.08,0.9,0.690435766836,0
30,0.5,12.2,1.18,0.894170911149,0
30,0.6,12.32,1.44,1.09790605546,0
30,0.7,12.46,1.72,1.3129598189,0
30,0.8,12.64,2.01,1.5506508206,0
30,0.9,12.8,2.31,1.77702320317,0
30,1.0,12.92,2.61,1.96943972835,0
rd,Dev,Wrong,Adv,pure_adv,Train
30,0.1,12.738,0.282,0.233,0.017,1
30,0.2,12.902,0.542,0.460,0.033,1
30,0.3,13.074,0.804,0.689,0.050,1
30,0.4,13.262,1.096,0.933,0.066,1
30,0.5,13.514,1.424,1.242,0.083,1
30,0.6,13.712,1.696,1.485,0.099,1
30,0.7,13.884,1.976,1.729,0.116,1
30,0.8,14.058,2.234,1.949,0.132,1
30,0.9,14.206,2.504,2.153,0.149,1
30,1.0,14.41,2.806,2.420,0.166,1
30,0.1,11.74,0.23,0.170,0.017,0
30,0.2,11.76,0.38,0.249,0.033,0
30,0.3,11.94,0.6,0.464,0.050,0
30,0.4,12.08,0.9,0.690,0.066,0
30,0.5,12.2,1.18,0.894,0.083,0
30,0.6,12.32,1.44,1.098,0.099,0
30,0.7,12.46,1.72,1.313,0.116,0
30,0.8,12.64,2.01,1.551,0.132,0
30,0.9,12.8,2.31,1.777,0.149,0
30,1.0,12.92,2.61,1.969,0.165,0
