0.3599 0.3685 0.335914494492
0.3707 0.3799 0.347911440724
0.3747 0.3846 0.352819282364
0.376 0.3862 0.354455229578
0.3653 0.375 0.342785472789
0.0998 0.0419 0.0256466462078
0.1012 0.0466 0.0284962735642
0.1023 0.0514 0.031565103025
0.1037 0.0545 0.0338667251206
0.106 0.0574 0.0364971503726
0.1057 0.0232 0.0147499168238
0.1056 0.0258 0.0157480314961
0.1083 0.0305 0.019629588555
0.1099 0.034 0.022291227681
0.1121 0.0371 0.0249528668071
0.1143 0.0232 0.01651048639
0.116 0.0262 0.0191878625614
0.1185 0.0314 0.0232039268184
0.1206 0.0346 0.0258813029897
0.1223 0.0373 0.0280008924587
0.1261 0.0216 0.015506508206
0.1287 0.0263 0.019468024901
0.1303 0.03 0.0220713073005
0.1324 0.0339 0.0252405206565
0.1355 0.0379 0.0290888511602
0.1465 0.0216 0.0179930795848
0.1492 0.0263 0.0219146482122
0.1516 0.0303 0.0256055363322
0.1533 0.0339 0.0284890426759
0.1552 0.0372 0.0311418685121
0.2294 0.0188 0.0157672093321
0.2317 0.0218 0.0188437379823
0.2331 0.0239 0.0210229457762
0.2345 0.0262 0.0230739648763
0.2362 0.0283 0.0249967952827
